1700651640,0,0,0,0,0,0,49.37,49.38,1
1700651700,0,0,0,0,0,0,49.34044776119403,49.35052238805978,134
1700651760,0,0,0,0,0,0,49.280458265139366,49.29101472995088,611
1700651820,0,0,0,0,0,0,49.24824512534811,49.25891364902528,359
1700651880,0,0,0,0,0,0,49.23485245901623,49.24518032786874,305
1700651940,0,0,0,0,0,0,49.233842482100066,49.24439140811462,419
1700652000,0,0,0,0,0,0,49.234601769911244,49.24536283185821,565
1700652060,0,0,0,0,0,0,49.28454746136892,49.29512141280354,453
1700652120,0,0,0,0,0,0,49.31397694524477,49.32452449567722,347
1700652180,0,0,0,0,0,0,49.33546275395036,49.34577878103847,443
1700652240,0,0,0,0,0,0,49.29599078341038,49.306267281106,434
1700652300,0,0,0,0,0,0,49.29021428571461,49.300214285714475,280
1700652360,0,0,0,0,0,0,49.26297244094493,49.27326771653542,508
1700652420,0,0,0,0,0,0,49.31086885245912,49.32118032786889,610
1700652480,0,0,0,0,0,0,49.33208988764042,49.34247191011228,445
1700652540,0,0,0,0,0,0,49.34080831408761,49.3513625866051,433
1700652600,0,0,0,0,0,0,49.354420600858525,49.36480686695287,233
1700652660,0,0,0,0,0,0,49.3760223048327,49.38728624535305,538
1700652720,0,0,0,0,0,0,49.42905747126453,49.43981609195394,435
1700652780,0,0,0,0,0,0,49.37204477611941,49.382343283581925,670
1700652840,0,0,0,0,0,0,49.36071604938292,49.37148148148141,405
1700652900,0,0,0,0,0,0,49.32187272727275,49.33229090909114,550
1700652960,0,0,0,0,0,0,49.26341158059478,49.27375586854491,639
1700653020,0,0,0,0,0,0,49.28044397462993,49.29069767441828,473
1700653080,0,0,0,0,0,0,49.28082621082635,49.291253561253434,351
1700653140,0,0,0,0,0,0,49.30261682243014,49.31289719626172,428
1700653200,0,0,0,0,0,0,49.32212707182303,49.33295580110483,362
1700653260,0,0,0,0,0,0,49.28578947368417,49.29620498614962,361
1700653320,0,0,0,0,0,0,49.296815642458014,49.30726256983228,358
1700653380,0,0,0,0,0,0,49.27255494505492,49.28291208791223,364
1700653440,0,0,0,0,0,0,49.26984761904754,49.280857142857506,525
1700653500,0,0,0,0,0,0,49.30253521126788,49.313849765258105,213
1700653560,0,0,0,0,0,0,49.31457330415739,49.32485776805238,457
1700653620,0,0,0,0,0,0,49.35294612794617,49.36319865319863,594
1700653680,0,0,0,0,0,0,49.28818584070782,49.29845132743349,226
1700653740,0,0,0,0,0,0,49.2702385685883,49.280735586481164,503
1700653800,0,0,0,0,0,0,49.273047858942164,49.283753148614885,397
1700653860,0,0,0,0,0,0,49.24264033264035,49.25340956340923,481
1700653920,0,0,0,0,0,0,49.21880794701979,49.229966887417206,604
1700653980,0,0,0,0,0,0,49.20995008319453,49.22094841930146,601
1700654040,0,0,0,0,0,0,49.2381132075471,49.248301886792504,159
1700654100,0,0,0,0,0,0,49.24669696969692,49.25918181818202,330
1700654160,0,0,0,0,0,0,49.26238726790466,49.27466843501348,377
1700654220,0,0,0,0,0,0,49.16333333333348,49.173912429378376,708
1700654280,0,0,0,0,0,0,49.15844117647047,49.1700294117647,340
1700654340,0,0,0,0,0,0,49.1512500000001,49.16140624999988,128
1700654400,0,0,0,0,0,0,49.129602169982114,49.14128390596754,553
1700654460,0,0,0,0,0,0,49.149722222222124,49.160138888888795,432
1700654520,0,0,0,0,0,0,49.108929049531426,49.12012048192751,747
1700654580,0,0,0,0,0,0,49.15696696696705,49.167297297297395,333
1700654640,0,0,0,0,0,0,49.242189616252865,49.252437923250085,886
1700654700,0,0,0,0,0,0,49.30488017429194,49.31527233115482,459
1700654760,0,0,0,0,0,0,49.30937500000014,49.31966463414644,656
1700654820,0,0,0,0,0,0,49.33693623639188,49.3470606531878,643
1700654880,0,0,0,0,0,0,49.389029733959404,49.39956181533628,639
1700654940,0,0,0,0,0,0,49.337474402730585,49.347832764505235,586
1700655000,0,0,0,0,0,0,49.377692307692335,49.38825515947461,533
1700655060,0,0,0,0,0,0,49.378874172185235,49.38923841059578,302
1700655120,0,0,0,0,0,0,49.35694087403619,49.367197943444985,389
1700655180,0,0,0,0,0,0,49.3202479338841,49.3303305785122,363
1700655240,0,0,0,0,0,0,49.37837662337648,49.38872294372291,462
1700655300,0,0,0,0,0,0,49.42447846889984,49.43462200956909,1045
1700655360,0,0,0,0,0,0,49.36941712203994,49.379763205828745,549
1700655420,0,0,0,0,0,0,49.388736951983276,49.39917536534444,958
1700655480,0,0,0,0,0,0,49.37489361702136,49.385886524822645,564
1700655540,0,0,0,0,0,0,49.41603773584934,49.42671698113186,530
1700655600,0,0,0,0,0,0,49.42467805519011,49.43479632063091,761
1700655660,0,0,0,0,0,0,49.37955082742339,49.38981087470439,423
1700655720,0,0,0,0,0,0,49.37222360248448,49.38234782608725,805
1700655780,0,0,0,0,0,0,49.44080071174363,49.45131672597833,562
1700655840,0,0,0,0,0,0,49.43661538461546,49.44684615384633,390
1700655900,0,0,0,0,0,0,49.45733524355276,49.467736389684546,349
1700655960,0,0,0,0,0,0,49.45096834264392,49.46145251396612,537
1700656020,0,0,0,0,0,0,49.39685714285697,49.40719480519474,385
1700656080,0,0,0,0,0,0,49.312500000000085,49.32300986842109,608
1700656140,0,0,0,0,0,0,49.32573705179282,49.336035856574085,502
1700656200,0,0,0,0,0,0,49.27596802841935,49.28699822380101,563
1700656260,0,0,0,0,0,0,49.288223602484486,49.30060869565217,805
1700656320,0,0,0,0,0,0,49.33585877862587,49.348444656488624,1048
1700656380,0,0,0,0,0,0,49.293515923567256,49.305605095541175,785
1700656440,0,0,0,0,0,0,49.25610705596114,49.269586374695685,822
1700656500,0,0,0,0,0,0,49.28267768595036,49.295487603306086,605
1700656560,0,0,0,0,0,0,49.236186770427935,49.2481712062258,514
1700656620,0,0,0,0,0,0,49.22843347639474,49.23905579399143,466
1700656680,0,0,0,0,0,0,49.26871641791056,49.279402985074775,335
1700656740,0,0,0,0,0,0,49.23206632653042,49.24436224489761,392
1700656800,0,0,0,0,0,0,49.23900497512419,49.24945273631863,402
1700656860,0,0,0,0,0,0,49.211515151515115,49.222032085561565,561
1700656920,0,0,0,0,0,0,49.1994019138756,49.20980861244021,418
1700656980,0,0,0,0,0,0,49.257098844672505,49.26752246469832,779
1700657040,0,0,0,0,0,0,49.29073710073724,49.301277641277444,407
1700657100,0,0,0,0,0,0,49.322731277533244,49.333039647577316,454
1700657160,0,0,0,0,0,0,49.36720379146932,49.377393364929034,633
1700657220,0,0,0,0,0,0,49.425152671755875,49.43564885496149,524
1700657280,0,0,0,0,0,0,49.41214552238792,49.422910447761,536
1700657340,0,0,0,0,0,0,49.36750507099375,49.37793103448269,493
1700657400,0,0,0,0,0,0,49.35239467849229,49.36270509977855,451
1700657460,0,0,0,0,0,0,49.380276595744654,49.39065957446797,470
1700657520,0,0,0,0,0,0,49.40715502555373,49.41761499148204,587
1700657580,0,0,0,0,0,0,49.46703629032244,49.47770161290309,496
1700657640,0,0,0,0,0,0,49.50627300613501,49.5168865030675,652
1700657700,0,0,0,0,0,0,49.52001468428773,49.53077826725405,681
1700657760,0,0,0,0,0,0,49.508418367347076,49.518860544217716,588
1700657820,0,0,0,0,0,0,49.46167048054904,49.471990846681585,437
1700657880,0,0,0,0,0,0,49.42537356321848,49.43597701149447,348
1700657940,0,0,0,0,0,0,49.42922891566273,49.43992771084346,415
1700658000,0,0,0,0,0,0,49.4534351145036,49.464020356233874,393
1700658060,0,0,0,0,0,0,49.44148051948064,49.45215584415579,385
1700658120,0,0,0,0,0,0,49.43184079601989,49.442636815920466,603
1700658180,0,0,0,0,0,0,49.475239130434716,49.48554347826093,460
1700658240,0,0,0,0,0,0,49.49466666666642,49.50511827956959,465
1700658300,0,0,0,0,0,0,49.50525423728845,49.51559322033905,472
1700658360,0,0,0,0,0,0,49.62029935275097,49.63111650485406,1236
1700658420,0,0,0,0,0,0,49.62423404255296,49.63625531914891,940
1700658480,0,0,0,0,0,0,49.57497600000013,49.585360000000044,625
1700658540,0,0,0,0,0,0,49.509940594059536,49.52063366336649,505
1700658600,0,0,0,0,0,0,49.45480968858107,49.465380622836946,578
1700658660,0,0,0,0,0,0,49.40084269662881,49.411671348314314,712
1700658720,0,0,0,0,0,0,49.38072580645151,49.39216589861762,868
1700658780,0,0,0,0,0,0,49.37282149712087,49.38357005758136,521
1700658840,0,0,0,0,0,0,49.35558541266803,49.36629558541257,521
1700658900,0,0,0,0,0,0,49.312576530612326,49.32359693877548,392
1700658960,0,0,0,0,0,0,49.316381766381674,49.326737891737864,702
1700659020,0,0,0,0,0,0,49.36583333333311,49.376948717948416,780
1700659080,0,0,0,0,0,0,49.30324766355148,49.31355140186907,428
1700659140,0,0,0,0,0,0,49.31855445544549,49.32920792079201,505
1700659200,0,0,0,0,0,0,49.304382284382484,49.31508158508167,429
1700659260,0,0,0,0,0,0,49.300309477756265,49.31106382978731,517
1700659320,0,0,0,0,0,0,49.301866404714936,49.31273084479372,509
1700659380,0,0,0,0,0,0,49.26508816120926,49.27534005037801,397
1700659440,0,0,0,0,0,0,49.2356566970095,49.245955786736225,769
1700659500,0,0,0,0,0,0,49.21763401109041,49.22857670979674,541
1700659560,0,0,0,0,0,0,49.226422535211064,49.23692957746463,355
1700659620,0,0,0,0,0,0,49.16589614740349,49.178994974874065,597
1700659680,0,0,0,0,0,0,49.182059620596505,49.19271002710034,369
1700659740,0,0,0,0,0,0,49.18610256410259,49.19641025641015,585
1700659800,0,0,0,0,0,0,49.210140280560815,49.220901803606985,499
1700659860,0,0,0,0,0,0,49.18401923076931,49.19448076923104,520
1700659920,0,0,0,0,0,0,49.21807017543821,49.22896491228073,570
1700659980,0,0,0,0,0,0,49.33714386959592,49.34981573352213,1411
1700660040,0,0,0,0,0,0,49.408450450450474,49.41962162162155,555
1700660100,0,0,0,0,0,0,49.47226613965737,49.482990777338294,759
1700660160,0,0,0,0,0,0,49.559689826302865,49.570074441687474,806
1700660220,0,0,0,0,0,0,49.49758256274754,49.508322324967,757
1700660280,0,0,0,0,0,0,49.439626865671634,49.450310945273735,804
1700660340,0,0,0,0,0,0,49.49245063879257,49.50300813008111,861
1700660400,0,0,0,0,0,0,49.45381044487398,49.464313346227804,517
1700660460,0,0,0,0,0,0,49.47129198966391,49.48206718346233,774
1700660520,0,0,0,0,0,0,49.48712560386426,49.49797101449246,828
1700660580,0,0,0,0,0,0,49.52952813067155,49.54038112522679,551
1700660640,0,0,0,0,0,0,49.49333333333371,49.50404761904764,672
1700660700,0,0,0,0,0,0,49.46391999999994,49.47435999999973,500
1700660760,0,0,0,0,0,0,49.552006578947534,49.56246710526326,608
1700660820,0,0,0,0,0,0,49.604382716049514,49.61479938271597,648
1700660880,0,0,0,0,0,0,49.66940092165876,49.679815668202494,651
1700660940,0,0,0,0,0,0,49.66509615384616,49.67586538461506,624
1700661000,0,0,0,0,0,0,49.657865384615306,49.66842307692332,520
1700661060,0,0,0,0,0,0,49.64121827411163,49.65194585448393,591
1700661120,0,0,0,0,0,0,49.61009787928221,49.620489396411294,613
1700661180,0,0,0,0,0,0,49.636401225115016,49.64705972434923,653
1700661240,0,0,0,0,0,0,49.647866927592936,49.658140900195754,511
1700661300,0,0,0,0,0,0,49.62565843621412,49.63617283950636,486
1700661360,1,0,0.216,0,0.216,1,49.66874137931033,49.67953448275849,580
1700661420,0,0,0,0,0,0,49.686415313225076,49.69751740139162,862
1700661480,0,0,0,0,0,0,49.775250696378855,49.78625348189427,718
1700661540,0,0,0,0,0,0,49.776190476190294,49.78666666666653,651
1700661600,0,0,0,0,0,0,49.734831223628795,49.745189873417786,474
1700661660,0,0,0,0,0,0,49.774647887324186,49.785369718310356,568
1700661720,0,0,0,0,0,0,49.84716753022449,49.858031088082946,579
1700661780,0,0,0,0,0,0,49.88153713298797,49.89200345423135,579
1700661840,0,0,0,0,0,0,49.91790123456756,49.92878442545118,1053
1700661900,0,0,0,0,0,0,49.91657668711667,49.92725153374229,815
1700661960,0,0,0,0,0,0,49.88651456310683,49.89697087378641,1030
1700662020,0,0,0,0,0,0,49.88438216560496,49.89554140127383,785
1700662080,0,0,0,0,0,0,49.91156939040197,49.92204928664056,771
1700662140,1,0,53.552,0,53.552,1,50.04284742468414,50.05388726919346,1029
1700662200,0,0,0,0,0,0,50.05299307958473,50.06330449826997,578
1700662260,0,0,0,0,0,0,49.963300492610934,49.97388177339911,1015
1700662320,0,0,0,0,0,0,50.0208502024294,50.031363022942024,741
1700662380,0,0,0,0,0,0,50.09750741839764,50.10810089020768,674
1700662440,0,0,0,0,0,0,50.13346067415732,50.14424719101127,890
1700662500,0,0,0,0,0,0,50.15415754923403,50.16599562363189,914
1700662560,0,0,0,0,0,0,50.16127895266842,50.17222557905349,993
1700662620,0,0,0,0,0,0,50.15290178571424,50.16412946428522,896
1700662680,0,0,0,0,0,0,50.02930913348948,50.041721311475264,854
1700662740,0,0,0,0,0,0,49.96172903225781,49.97264516129013,775
1700662800,0,0,0,0,0,0,49.90997701149438,49.920689655172474,435
1700662860,0,0,0,0,0,0,49.87170572916645,49.88243489583336,768
1700662920,0,0,0,0,0,0,49.798817005545196,49.80924214417753,541
1700662980,0,0,0,0,0,0,49.768085867620925,49.77872987477645,559
1700663040,0,0,0,0,0,0,49.719891891891855,49.7309405405406,925
1700663100,0,0,0,0,0,0,49.79984562607208,49.8106861063467,583
1700663160,0,0,0,0,0,0,49.87036789297686,49.88125975473806,897
1700663220,0,0,0,0,0,0,49.88474674384955,49.89528219971069,691
1700663280,0,0,0,0,0,0,49.892707581227384,49.90324909747302,554
1700663340,0,0,0,0,0,0,49.86478134110807,49.87539358600608,343
1700663400,0,0,0,0,0,0,49.86019572953755,49.87106761565831,562
1700663460,0,0,0,0,0,0,49.86396600566572,49.87436260623245,706
1700663520,0,0,0,0,0,0,49.86914463452544,49.87975116640763,643
1700663580,0,0,0,0,0,0,49.890833333333276,49.901495098039156,408
1700663640,0,0,0,0,0,0,49.802127139364416,49.812591687041845,818
1700663700,0,0,0,0,0,0,49.86062087186282,49.872192866578985,757
1700663760,0,0,0,0,0,0,49.84987115956417,49.860406342913684,1009
1700663820,0,0,0,0,0,0,49.80208174904962,49.81301330798466,1052
1700663880,0,0,0,0,0,0,49.91066844919793,49.92284759358278,748
1700663940,0,0,0,0,0,0,49.86882129277596,49.87958174904971,789
1700664000,0,0,0,0,0,0,49.90210428305401,49.91245810055885,537
1700664060,0,0,0,0,0,0,49.89354275741708,49.904118673647176,573
1700664120,0,0,0,0,0,0,49.904488372093084,49.91486046511623,430
1700664180,0,0,0,0,0,0,49.889747899159765,49.90043067226877,952
1700664240,0,0,0,0,0,0,49.94938127090309,49.96193979933096,598
1700664300,0,0,0,0,0,0,49.972704402515674,49.98349056603764,636
1700664360,0,0,0,0,0,0,50.00570659488588,50.01629878869415,743
1700664420,0,0,0,0,0,0,49.86572992700738,49.87686131386853,1096
1700664480,0,0,0,0,0,0,49.736798088411525,49.74775388291511,837
1700664540,0,0,0,0,0,0,49.68070948469003,49.69245705750538,1339
1700664600,0,0,0,0,0,0,49.57963196635128,49.59245005257626,951
1700664660,0,0,0,0,0,0,49.54789550072588,49.55863570391872,689
1700664720,0,0,0,0,0,0,49.501518578352105,49.51294022617125,1238
1700664780,0,0,0,0,0,0,49.47669005847949,49.487906432749,855
1700664840,0,0,0,0,0,0,49.41072186836526,49.42188959660297,942
1700664900,0,1,0,1.218,1.218,1,49.31890481064492,49.33034800409429,977
1700664960,0,0,0,0,0,0,49.39616143497762,49.40723766816126,1115
1700665020,0,0,0,0,0,0,49.45310246679301,49.46446869070215,1054
1700665080,0,0,0,0,0,0,49.49949907235602,49.51050092764387,539
1700665140,0,0,0,0,0,0,49.58461206896564,49.595660919540336,696
1700665200,0,0,0,0,0,0,49.6207286432159,49.63115577889439,398
1700665260,0,0,0,0,0,0,49.606825581395334,49.61759302325605,860
1700665320,0,0,0,0,0,0,49.58434343434344,49.59480519480516,693
1700665380,0,0,0,0,0,0,49.451302378255896,49.46219705549249,883
1700665440,0,0,0,0,0,0,49.46788990825698,49.47837483617324,763
1700665500,0,0,0,0,0,0,49.451142384105864,49.46205298013234,604
1700665560,0,0,0,0,0,0,49.505538116591964,49.51621076233164,892
1700665620,0,0,0,0,0,0,49.475166444740395,49.485725699067984,751
1700665680,0,0,0,0,0,0,49.403575547865955,49.41408304498273,867
1700665740,0,0,0,0,0,0,49.36824849007765,49.37904227782542,1159
1700665800,0,0,0,0,0,0,49.35831072749684,49.36911220715205,811
1700665860,0,0,0,0,0,0,49.36171573604062,49.37252791878163,985
1700665920,0,0,0,0,0,0,49.36260336906597,49.37323124042876,653
1700665980,0,0,0,0,0,0,49.33718518518544,49.347703703703814,675
1700666040,0,0,0,0,0,0,49.337348066298325,49.34788213627975,543
1700666100,0,0,0,0,0,0,49.342941176470724,49.35383442265808,459
1700666160,0,0,0,0,0,0,49.333204419889476,49.34375690607756,543
1700666220,0,0,0,0,0,0,49.40449925261542,49.415545590433354,669
1700666280,0,0,0,0,0,0,49.47507604562749,49.4855513307983,526
1700666340,0,0,0,0,0,0,49.53666176470603,49.54741176470615,680
1700666400,0,1,0,15.812,15.812,1,49.58405555555555,49.595055555555575,540
1700666460,0,0,0,0,0,0,49.65364392678882,49.665341098169456,601
1700666520,0,0,0,0,0,0,49.59306159420321,49.60322463768129,552
1700666580,0,0,0,0,0,0,49.52024691358043,49.53123456790145,729
1700666640,0,0,0,0,0,0,49.51491085899517,49.525818476499374,617
1700666700,0,0,0,0,0,0,49.689659533073524,49.70176070038901,1028
1700666760,0,0,0,0,0,0,49.81963153384717,49.830736932305044,1167
1700666820,0,0,0,0,0,0,49.78654699049614,49.79747624076023,947
1700666880,0,0,0,0,0,0,49.76879543094472,49.779501557632116,963
1700666940,0,0,0,0,0,0,49.69953667953689,49.71048262548263,1036
1700667000,0,0,0,0,0,0,49.724277588168604,49.7351308304893,879
1700667060,0,0,0,0,0,0,49.761804651162414,49.772790697674466,1075
1700667120,0,0,0,0,0,0,49.8217605004467,49.83269883824875,1119
1700667180,0,0,0,0,0,0,49.832375000000326,49.84343333333331,1200
1700667240,0,0,0,0,0,0,49.82647058823528,49.837556561085975,1105
1700667300,0,0,0,0,0,0,49.84692903225816,49.85736774193549,775
1700667360,0,0,0,0,0,0,49.797732426303575,49.8080725623583,882
1700667420,0,0,0,0,0,0,49.82305327868869,49.83394467213101,976
1700667480,0,0,0,0,0,0,49.840247349823386,49.850918727915094,566
1700667540,0,0,0,0,0,0,49.80875321336774,49.81993573264799,778
1700667600,0,0,0,0,0,0,49.77618887015177,49.78671163575054,593
1700667660,0,0,0,0,0,0,49.79091002044974,49.80150306748453,978
1700667720,0,0,0,0,0,0,49.84937183383995,49.85975683890556,987
1700667780,0,0,0,0,0,0,49.80387096774204,49.81443197755957,713
1700667840,0,0,0,0,0,0,49.8472742474916,49.85760869565218,598
1700667900,0,0,0,0,0,0,49.84954063604234,49.86024734982326,566
1700667960,0,0,0,0,0,0,49.837075949367176,49.8477848101269,790
1700668020,0,0,0,0,0,0,49.790709318497754,49.80136300417232,719
1700668080,0,0,0,0,0,0,49.800973837209746,49.8114534883723,688
1700668140,0,0,0,0,0,0,49.86365203761774,49.87398119122261,638
1700668200,0,0,0,0,0,0,49.85739080459742,49.86809195402301,870
1700668260,0,0,0,0,0,0,49.84293307086655,49.85358267716542,508
1700668320,0,0,0,0,0,0,49.842589118199,49.85296435272067,533
1700668380,0,0,0,0,0,0,49.82750988142293,49.837628458498145,253
1700668440,0,0,0,0,0,0,49.76794690265509,49.77890265486726,565
1700668500,0,0,0,0,0,0,49.78258116883086,49.79280844155828,616
1700668560,0,0,0,0,0,0,49.79482336956517,49.80519021739126,736
1700668620,0,0,0,0,0,0,49.82497681607414,49.83553323029367,647
1700668680,0,0,0,0,0,0,49.790515873016,49.800912698412645,504
1700668740,0,0,0,0,0,0,49.77055928411632,49.78116331096235,447
1700668800,0,0,0,0,0,0,49.8412111292963,49.85237315875609,611
1700668860,0,0,0,0,0,0,49.884232633279666,49.895266558965986,619
1700668920,0,0,0,0,0,0,49.83815020862301,49.84872044506216,719
1700668980,0,0,0,0,0,0,49.82199275362328,49.83264492753625,552
1700669040,0,0,0,0,0,0,49.818180737217844,49.82852556480376,841
1700669100,0,0,0,0,0,0,49.840560949299025,49.85117583603017,927
1700669160,0,0,0,0,0,0,49.94894062863789,49.96033760186261,859
1700669220,0,0,0,0,0,0,50.06677496991606,50.077689530685745,831
1700669280,0,0,0,0,0,0,50.05864440078582,50.069420432219964,1018
1700669340,0,0,0,0,0,0,50.09600000000005,50.10664210526304,950
1700669400,0,0,0,0,0,0,50.12083032490987,50.132129963899054,554
1700669460,0,0,0,0,0,0,50.16118122977339,50.17200647249157,618
1700669520,0,0,0,0,0,0,50.22428108108143,50.2349405405409,925
1700669580,0,0,0,0,0,0,50.278960698689865,50.29008733624442,1145
1700669640,1,0,0.189,0,0.189,1,50.33880153403663,50.34950143815911,1043
1700669700,0,0,0,0,0,0,50.30926523297489,50.3197670250896,558
1700669760,0,0,0,0,0,0,50.27365207373267,50.2842741935487,868
1700669820,0,0,0,0,0,0,50.10847569955814,50.12518409425587,1358
1700669880,0,0,0,0,0,0,50.03458670988681,50.04606158833077,617
1700669940,0,0,0,0,0,0,49.94761549925469,49.95858420268228,671
1700670000,0,0,0,0,0,0,49.910409429280634,49.921178660049705,806
1700670060,0,0,0,0,0,0,49.9306905370845,49.94132992327343,782
1700670120,0,0,0,0,0,0,49.89718287937679,49.9105369649809,1285
1700670180,0,0,0,0,0,0,49.876454802260064,49.887853107344384,708
1700670240,0,0,0,0,0,0,49.887801608578954,49.89837801608557,746
1700670300,0,0,0,0,0,0,49.84562015503855,49.85704134366937,774
1700670360,0,0,0,0,0,0,49.82748809523827,49.83821428571433,840
1700670420,0,0,0,0,0,0,49.87669796557123,49.887887323943495,639
1700670480,0,0,0,0,0,0,49.84517374517344,49.85620334620337,777
1700670540,0,0,0,0,0,0,49.820244698205606,49.83075040783043,613
1700670600,0,0,0,0,0,0,49.74056663168975,49.751290661070726,953
1700670660,0,0,0,0,0,0,49.74156384505018,49.7521951219513,697
1700670720,0,0,0,0,0,0,49.79916402116416,49.81198941798937,945
1700670780,0,0,0,0,0,0,49.76742187499998,49.77923437499985,640
1700670840,0,0,0,0,0,0,49.83116022099461,49.84171270718247,362
1700670900,0,0,0,0,0,0,49.83117241379295,49.84217931034465,725
1700670960,0,0,0,0,0,0,49.84084745762705,49.85152542372917,590
