1700651640,0,0,0,0,0,0,51.03,51.04,1
1700651700,0,0,0,0,0,0,51.00849557522125,51.01938053097358,113
1700651760,0,0,0,0,0,0,50.928863920099765,50.94359550561814,801
1700651820,0,0,0,0,0,0,50.85296703296698,50.86346153846178,364
1700651880,0,0,0,0,0,0,50.84451428571431,50.85474285714291,175
1700651940,0,0,0,0,0,0,50.84946175637389,50.85980169971681,353
1700652000,0,0,0,0,0,0,50.84433962264177,50.85616352201262,477
1700652060,0,0,0,0,0,0,50.864754420432156,50.876031434184746,509
1700652120,0,0,0,0,0,0,50.91698005698003,50.927407407407266,351
1700652180,0,0,0,0,0,0,50.93982233502557,50.950152284264,394
1700652240,0,0,0,0,0,0,50.900739436619496,50.910880281690034,284
1700652300,0,0,0,0,0,0,50.911389830508476,50.92142372881368,295
1700652360,0,0,0,0,0,0,50.904891774891496,50.915887445887286,231
1700652420,0,0,0,0,0,0,50.91950909090888,50.93023636363618,550
1700652480,0,0,0,0,0,0,50.92106145251389,50.931703910614516,358
1700652540,0,0,0,0,0,0,50.90343465045565,50.91379939209716,329
1700652600,0,0,0,0,0,0,50.906979472140655,50.917565982404625,341
1700652660,0,0,0,0,0,0,50.95714987714975,50.96734643734613,407
1700652720,0,0,0,0,0,0,51.027224880382995,51.037559808612706,418
1700652780,0,0,0,0,0,0,51.0240255591056,51.03476038338689,313
1700652840,0,0,0,0,0,0,51.02527027027034,51.03628378378373,148
1700652900,0,0,0,0,0,0,50.99518134715009,51.00554404145068,193
1700652960,0,0,0,0,0,0,50.95054945054948,50.96087912087913,182
1700653020,0,0,0,0,0,0,50.95613043478274,50.96686956521724,230
1700653080,0,0,0,0,0,0,50.96503546099284,50.97581560283679,141
1700653140,0,0,0,0,0,0,50.99390804597706,51.00431034482774,174
1700653200,0,0,0,0,0,0,51.02375000000021,51.03650862068989,232
1700653260,0,0,0,0,0,0,51.027755102041,51.038877551020185,294
1700653320,0,0,0,0,0,0,51.05183823529387,51.061874999999915,272
1700653380,0,0,0,0,0,0,51.04578431372565,51.058071895425,306
1700653440,0,0,0,0,0,0,51.03611111111124,51.04636363636397,396
1700653500,0,0,0,0,0,0,51.04516025641063,51.055448717948515,312
1700653560,0,0,0,0,0,0,51.066536585365796,51.07687804878075,410
1700653620,0,0,0,0,0,0,51.07276923076932,51.083054945055174,455
1700653680,0,0,0,0,0,0,51.01641666666695,51.026541666666965,240
1700653740,0,0,0,0,0,0,50.971458966565606,50.98229483282661,658
1700653800,0,0,0,0,0,0,50.982123893805266,50.99309734513264,452
1700653860,0,0,0,0,0,0,50.95627642276385,50.96689430894294,615
1700653920,0,0,0,0,0,0,50.938568181818326,50.94965909090918,440
1700653980,0,0,0,0,0,0,50.91179396092314,50.92250444049726,563
1700654040,0,0,0,0,0,0,50.935679012345844,50.9460802469138,324
1700654100,0,0,0,0,0,0,50.933551020408,50.94422448979604,490
1700654160,0,0,0,0,0,0,50.94190821256068,50.952439613526266,414
1700654220,0,0,0,0,0,0,50.86527204502809,50.87604127579747,533
1700654280,0,0,0,0,0,0,50.852035623409925,50.862798982188515,393
1700654340,0,0,0,0,0,0,50.859999999999886,50.87226277372258,137
1700654400,0,0,0,0,0,0,50.87139759036139,50.88207228915657,415
1700654460,0,0,0,0,0,0,50.92725231175656,50.93795244385732,757
1700654520,0,0,0,0,0,0,50.9253266331658,50.93661641540998,597
1700654580,0,0,0,0,0,0,50.92728155339798,50.937718446602226,412
1700654640,0,0,0,0,0,0,50.962907407407464,50.97325925925919,540
1700654700,0,0,0,0,0,0,50.99150984682683,51.001881838074226,457
1700654760,0,0,0,0,0,0,50.99164619164614,51.00191646191676,407
1700654820,0,0,0,0,0,0,51.00575107296132,51.016115879828334,466
1700654880,0,0,0,0,0,0,51.03569364161883,51.0464161849709,346
1700654940,0,0,0,0,0,0,51.0336404494384,51.043842696629156,445
1700655000,0,0,0,0,0,0,51.040570719602854,51.05084367245661,403
1700655060,0,0,0,0,0,0,51.05970149253728,51.069761194029695,335
1700655120,0,0,0,0,0,0,51.04432506887081,51.054435261707965,363
1700655180,0,0,0,0,0,0,51.01892215568884,51.0300598802395,167
1700655240,0,0,0,0,0,0,51.03715053763437,51.047688172043024,186
1700655300,0,0,0,0,0,0,51.05826271186444,51.06855932203365,236
1700655360,0,0,0,0,0,0,51.027851002865404,51.03805157593156,349
1700655420,0,0,0,0,0,0,51.00005025125636,51.01040201005044,398
1700655480,0,0,0,0,0,0,50.96344418052252,50.97491686460781,421
1700655540,0,0,0,0,0,0,50.976330275228975,50.98706422018322,327
1700655600,0,0,0,0,0,0,50.97766871165622,50.98785276073607,163
1700655660,0,0,0,0,0,0,50.976634615384405,50.98701923076904,208
1700655720,0,0,0,0,0,0,51.017811550152274,51.028662613981844,329
1700655780,0,0,0,0,0,0,50.99769516728624,51.0083271375464,269
1700655840,0,0,0,0,0,0,50.944397905759196,50.95502617801046,191
1700655900,0,0,0,0,0,0,50.93555555555552,50.94564102564091,117
1700655960,0,0,0,0,0,0,50.913914590747254,50.92434163701074,281
1700656020,0,0,0,0,0,0,50.87511999999995,50.88568000000008,125
1700656080,0,0,0,0,0,0,50.821871227364575,50.83412474849091,497
1700656140,0,0,0,0,0,0,50.781208791208854,50.79245421245437,273
1700656200,0,0,0,0,0,0,50.725540983606365,50.73619672131115,305
1700656260,0,0,0,0,0,0,50.712473572938215,50.722917547568784,473
1700656320,0,0,0,0,0,0,50.688954248365484,50.699624183006264,612
1700656380,0,0,0,0,0,0,50.677888601035995,50.69498704663192,772
1700656440,0,0,0,0,0,0,50.70212996389905,50.7128519855597,277
1700656500,0,0,0,0,0,0,50.715700483091716,50.72628019323661,207
1700656560,0,0,0,0,0,0,50.71555932203376,50.72579661016911,295
1700656620,0,0,0,0,0,0,50.733239074550156,50.743444730077094,389
1700656680,0,0,0,0,0,0,50.74719230769226,50.75730769230776,260
1700656740,0,0,0,0,0,0,50.73021052631564,50.741894736841964,285
1700656800,0,0,0,0,0,0,50.73887096774171,50.749354838709635,186
1700656860,0,0,0,0,0,0,50.72264423076898,50.732788461538206,208
1700656920,0,0,0,0,0,0,50.72398058252404,50.73398058252414,206
1700656980,0,0,0,0,0,0,50.73282758620702,50.74370114942533,435
1700657040,0,0,0,0,0,0,50.73439999999982,50.74484444444441,225
1700657100,0,0,0,0,0,0,50.76010256410271,50.770666666666735,195
1700657160,0,0,0,0,0,0,50.78741545893747,50.79768115942023,414
1700657220,0,0,0,0,0,0,50.7710470409714,50.782959028831414,659
1700657280,0,0,0,0,0,0,50.8285615251298,50.83904679376062,577
1700657340,0,0,0,0,0,0,50.83417721518983,50.844683544303784,316
1700657400,0,0,0,0,0,0,50.8279026217228,50.838127340824094,267
1700657460,0,0,0,0,0,0,50.84338775510221,50.85367346938797,245
1700657520,0,0,0,0,0,0,50.881151079136416,50.89184652278178,417
1700657580,0,0,0,0,0,0,50.90432885906053,50.91503355704721,298
1700657640,0,0,0,0,0,0,50.92877272727261,50.939136363636415,440
1700657700,0,0,0,0,0,0,50.90173120728914,50.91214123006808,439
1700657760,0,0,0,0,0,0,50.90664062499985,50.91713541666642,384
1700657820,0,0,0,0,0,0,50.876021897810446,50.886204379562166,274
1700657880,0,0,0,0,0,0,50.8309747292418,50.840974729241914,277
1700657940,0,0,0,0,0,0,50.81226044226032,50.82248157248126,407
1700658000,0,0,0,0,0,0,50.83945378151272,50.849831932773256,238
1700658060,0,0,0,0,0,0,50.88665505226468,50.89700348432048,287
1700658120,0,0,0,0,0,0,50.896602316602106,50.90737451737445,259
1700658180,0,0,0,0,0,0,50.92598187311194,50.93625377643526,331
1700658240,0,0,0,0,0,0,50.9464285714285,50.956596638655185,238
1700658300,0,0,0,0,0,0,50.91784090909091,50.931107954545425,352
1700658360,0,0,0,0,0,0,50.97554347826063,50.985923913042775,552
1700658420,0,0,0,0,0,0,50.97367647058805,50.98433823529395,408
1700658480,0,0,0,0,0,0,50.908898809523784,50.91955357142852,336
1700658540,0,0,0,0,0,0,50.84978056426341,50.86031347962398,319
1700658600,0,0,0,0,0,0,50.81970350404309,50.830296495956716,371
1700658660,0,0,0,0,0,0,50.77820779220783,50.78870129870157,385
1700658720,0,0,0,0,0,0,50.755260115607015,50.766435452793786,519
1700658780,0,0,0,0,0,0,50.747922077922084,50.75876623376635,308
1700658840,0,0,0,0,0,0,50.74069597069576,50.75205128205128,273
1700658900,0,0,0,0,0,0,50.70620437956219,50.71720194647195,411
1700658960,0,0,0,0,0,0,50.7239015151513,50.734924242424135,264
1700659020,0,0,0,0,0,0,50.73408450704213,50.74476525821608,426
1700659080,0,0,0,0,0,0,50.72039164490811,50.7304699738903,383
1700659140,0,0,0,0,0,0,50.730530303030214,50.74126262626252,396
1700659200,0,0,0,0,0,0,50.72202205882339,50.732757352940816,272
1700659260,0,0,0,0,0,0,50.71888178913712,50.72961661341835,313
1700659320,0,0,0,0,0,0,50.69416666666661,50.70494444444444,180
1700659380,0,0,0,0,0,0,50.65471014492729,50.66496376811578,276
1700659440,0,0,0,0,0,0,50.60995238095237,50.62071428571437,210
1700659500,0,0,0,0,0,0,50.586492537313504,50.59731343283605,268
1700659560,0,0,0,0,0,0,50.60111675126917,50.61248730964466,197
1700659620,0,0,0,0,0,0,50.58429687500004,50.595156250000024,128
1700659680,0,0,0,0,0,0,50.610330033003635,50.62108910891079,303
1700659740,0,0,0,0,0,0,50.62237623762348,50.63283828382824,303
1700659800,0,0,0,0,0,0,50.637142857142955,50.647894736842105,266
1700659860,0,0,0,0,0,0,50.6287371134019,50.63932989690704,388
1700659920,0,0,0,0,0,0,50.67551724137924,50.68622718052723,493
1700659980,0,0,0,0,0,0,50.823137931034154,50.835558620689795,1450
1700660040,0,0,0,0,0,0,50.94258964143407,50.95431606905677,753
1700660100,0,0,0,0,0,0,50.9771212121213,50.98798701298695,462
1700660160,0,0,0,0,0,0,50.981458823529444,50.99221176470584,425
1700660220,0,0,0,0,0,0,50.932752293577984,50.9431422018348,436
1700660280,0,0,0,0,0,0,50.88319526627193,50.893885601577665,507
1700660340,0,0,0,0,0,0,50.926672897196234,50.93740186915868,535
1700660400,0,0,0,0,0,0,50.90814814814797,50.91895061728382,324
1700660460,0,0,0,0,0,0,50.8660612244901,50.876734693877545,490
1700660520,0,0,0,0,0,0,50.85105603448279,50.86213362068975,464
1700660580,0,0,0,0,0,0,50.85038596491231,50.86133333333346,285
1700660640,0,0,0,0,0,0,50.80887978142067,50.820054644808664,366
1700660700,0,0,0,0,0,0,50.74944444444446,50.760104166666835,288
1700660760,0,0,0,0,0,0,50.808577075098874,50.819901185770775,506
1700660820,0,0,0,0,0,0,50.83897574123993,50.84978436657676,371
1700660880,0,0,0,0,0,0,50.857537313433035,50.86825870646779,402
1700660940,0,0,0,0,0,0,50.87297297297295,50.88347972972941,296
1700661000,0,0,0,0,0,0,50.89795228628244,50.908886679920364,503
1700661060,0,0,0,0,0,0,50.916440329218176,50.92697530864176,486
1700661120,0,0,0,0,0,0,50.88780092592589,50.898449074074044,432
1700661180,0,0,0,0,0,0,50.89761467889892,50.90911314984698,327
1700661240,0,0,0,0,0,0,50.931328124999766,50.943222656249695,512
1700661300,0,0,0,0,0,0,50.87363143631438,50.88463414634153,369
1700661360,1,0,1.86,0,1.86,1,50.880827067669195,50.89127819548857,399
1700661420,0,0,0,0,0,0,50.89563440860204,50.90662365591401,465
1700661480,0,0,0,0,0,0,50.89527624309384,50.90616022099438,362
1700661540,0,0,0,0,0,0,50.909565217391155,50.919826086956505,230
1700661600,0,0,0,0,0,0,50.8657100591718,50.876153846153976,338
1700661660,0,0,0,0,0,0,50.87452083333353,50.88539583333317,480
1700661720,0,0,0,0,0,0,50.935711500974925,50.94672514619891,513
1700661780,0,0,0,0,0,0,50.962714681440445,50.973213296398505,361
1700661840,0,0,0,0,0,0,50.93540697674447,50.946395348837136,344
1700661900,0,0,0,0,0,0,50.93300000000002,50.94394444444439,360
1700661960,0,0,0,0,0,0,50.88233256351006,50.89297921478061,433
1700662020,0,0,0,0,0,0,50.854929292929256,50.865696969697126,495
1700662080,0,0,0,0,0,0,50.84626485568756,50.856859083191935,589
1700662140,0,0,0,0,0,0,50.86494350282493,50.87536723163837,354
1700662200,0,0,0,0,0,0,50.88832558139522,50.89883720930213,215
1700662260,0,0,0,0,0,0,50.8999657534247,50.910547945205586,292
1700662320,0,0,0,0,0,0,50.95830798479116,50.96931558935358,526
1700662380,0,0,0,0,0,0,50.992387387387296,51.00283783783791,222
1700662440,0,0,0,0,0,0,50.93456026058619,50.945570032573265,307
1700662500,0,0,0,0,0,0,50.90741293532323,50.91800995024872,201
1700662560,0,0,0,0,0,0,50.90210784313708,50.91249999999978,408
1700662620,0,0,0,0,0,0,50.90714964370535,50.91783847980984,421
1700662680,0,0,0,0,0,0,50.8752471482887,50.885627376425745,263
1700662740,0,0,0,0,0,0,50.903550295857904,50.9138757396449,338
1700662800,0,0,0,0,0,0,50.89126086956513,50.90221739130419,230
1700662860,0,0,0,0,0,0,50.861621004566565,50.872648401826645,438
1700662920,0,0,0,0,0,0,50.81817073170712,50.828749999999886,328
1700662980,0,0,0,0,0,0,50.77184290030206,50.784169184290135,331
1700663040,0,0,0,0,0,0,50.70853521126744,50.718957746478566,355
1700663100,0,0,0,0,0,0,50.72055415617106,50.7312594458437,397
1700663160,0,0,0,0,0,0,50.733626373626294,50.74472527472518,364
1700663220,0,0,0,0,0,0,50.7370923913041,50.747826086956614,368
1700663280,0,0,0,0,0,0,50.731272264630974,50.74167938931294,393
1700663340,0,0,0,0,0,0,50.697472527472605,50.70835164835176,273
1700663400,0,0,0,0,0,0,50.7020869565215,50.71243478260856,230
1700663460,0,0,0,0,0,0,50.69983739837365,50.710227642276195,615
1700663520,0,0,0,0,0,0,50.72243980738371,50.733434991973915,623
1700663580,0,0,0,0,0,0,50.75341642228682,50.76353372434043,682
1700663640,0,0,0,0,0,0,50.729873617693656,50.7402685624011,633
1700663700,0,0,0,0,0,0,50.75320388349527,50.7636650485438,412
1700663760,0,0,0,0,0,0,50.74939837398396,50.76001626016266,615
1700663820,0,0,0,0,0,0,50.71335216572509,50.72372881355926,531
1700663880,0,0,0,0,0,0,50.77827935222695,50.788947368420835,494
1700663940,0,0,0,0,0,0,50.7310252365928,50.74118296529946,634
1700664000,0,0,0,0,0,0,50.750827338129845,50.76107913669089,556
1700664060,0,0,0,0,0,0,50.72858552631599,50.73879934210483,608
1700664120,0,0,0,0,0,0,50.72126482213438,50.73138339920922,253
1700664180,0,0,0,0,0,0,50.68785858585887,50.698666666666576,495
1700664240,0,0,0,0,0,0,50.683803339517866,50.69384044526873,539
1700664300,0,0,0,0,0,0,50.67455516014173,50.68475088967978,562
1700664360,0,0,0,0,0,0,50.68140909090919,50.691818181818235,440
1700664420,0,0,0,0,0,0,50.644132231404704,50.65454545454591,847
1700664480,0,0,0,0,0,0,50.63565775401045,50.64651336898466,935
1700664540,0,0,0,0,0,0,50.678213197969555,50.689076142131675,985
1700664600,0,0,0,0,0,0,50.70409999999993,50.71485000000008,400
1700664660,0,0,0,0,0,0,50.710044843049154,50.72071748878917,446
1700664720,0,0,0,0,0,0,50.697623261693856,50.7088874841972,791
1700664780,0,0,0,0,0,0,50.6524209245741,50.66362530413646,822
1700664840,0,0,0,0,0,0,50.626968026460304,50.63761852260199,907
1700664900,0,0,0,0,0,0,50.528394683026335,50.53970347648186,978
1700664960,0,0,0,0,0,0,50.55562865497118,50.56597953216367,684
1700665020,0,0,0,0,0,0,50.53755968169755,50.5490185676392,754
1700665080,0,0,0,0,0,0,50.51985330073374,50.53053789731077,409
1700665140,0,0,0,0,0,0,50.56882217090078,50.579191685912114,433
1700665200,0,0,0,0,0,0,50.58860398860417,50.59934472934492,351
1700665260,0,0,0,0,0,0,50.60343065693418,50.61408759124092,548
1700665320,0,0,0,0,0,0,50.59748201438892,50.60815347721851,417
1700665380,0,0,0,0,0,0,50.49652054794552,50.5075342465758,730
1700665440,0,0,0,0,0,0,50.51162324649297,50.52216432865727,499
1700665500,0,0,0,0,0,0,50.4815164835163,50.49200000000008,455
1700665560,0,0,0,0,0,0,50.48646788990836,50.49694954128437,436
1700665620,0,0,0,0,0,0,50.456718750000036,50.467124999999776,320
1700665680,0,0,0,0,0,0,50.339752066115764,50.35477084898545,1331
1700665740,0,0,0,0,0,0,50.38140581068474,50.392258669166196,1067
1700665800,0,0,0,0,0,0,50.42740168539324,50.438174157303436,712
1700665860,0,0,0,0,0,0,50.472220858895454,50.4828220858893,815
1700665920,0,0,0,0,0,0,50.5397064220188,50.5498715596334,545
1700665980,0,0,0,0,0,0,50.523353658536365,50.53353658536593,492
1700666040,0,0,0,0,0,0,50.52183257918549,50.53233031674255,442
1700666100,0,0,0,0,0,0,50.549812646369965,50.56014051522241,427
1700666160,0,0,0,0,0,0,50.54366515837116,50.55409502262467,442
1700666220,0,0,0,0,0,0,50.59155555555546,50.602051282051285,585
1700666280,0,0,0,0,0,0,50.6349755301796,50.64538336052202,613
1700666340,0,0,0,0,0,0,50.65334507042237,50.664700704224984,568
1700666400,0,0,0,0,0,0,50.669726315789326,50.680294736842036,475
1700666460,0,0,0,0,0,0,50.695921375921195,50.70633906633905,407
1700666520,0,0,0,0,0,0,50.60772988505753,50.61793103448308,348
1700666580,0,0,0,0,0,0,50.53068627450973,50.54145424836568,612
1700666640,0,0,0,0,0,0,50.58875816993479,50.59937908496712,612
1700666700,0,0,0,0,0,0,50.7606311787072,50.77168821292789,1315
1700666760,0,0,0,0,0,0,50.8391041666665,50.85040277777787,1440
1700666820,0,0,0,0,0,0,50.767750257997854,50.77831785345723,969
1700666880,0,0,0,0,0,0,50.71516250000017,50.72622500000002,800
1700666940,0,0,0,0,0,0,50.66292307692323,50.67340384615372,520
1700667000,0,0,0,0,0,0,50.72178143712601,50.73242514970028,668
1700667060,0,0,0,0,0,0,50.769459459459526,50.780047694753726,629
1700667120,0,0,0,0,0,0,50.85831168831145,50.87032467532469,1232
1700667180,0,0,0,0,0,0,50.88407928388791,50.89489769820954,782
1700667240,0,0,0,0,0,0,50.891253731343426,50.902238805970214,670
1700667300,0,0,0,0,0,0,50.93106870229003,50.94146946564891,524
1700667360,0,0,0,0,0,0,50.88834368530036,50.89879917184255,483
1700667420,0,0,0,0,0,0,50.906063618290254,50.916640159045926,503
1700667480,0,0,0,0,0,0,50.86344827586232,50.874051724137864,348
1700667540,0,0,0,0,0,0,50.78530351437707,50.79704472843446,626
1700667600,0,0,0,0,0,0,50.68352864583318,50.70019531249982,768
1700667660,0,0,0,0,0,0,50.68351297405196,50.69413173652702,501
1700667720,0,0,0,0,0,0,50.704541139240405,50.71528481012649,632
1700667780,0,0,0,0,0,0,50.710726744185976,50.720988372092656,344
1700667840,0,0,0,0,0,0,50.73686274509801,50.74701960784325,255
1700667900,0,0,0,0,0,0,50.74906249999996,50.75937500000011,128
1700667960,0,0,0,0,0,0,50.754567164179186,50.76513432835841,335
1700668020,0,0,0,0,0,0,50.69928374655647,50.709972451790826,363
1700668080,0,0,0,0,0,0,50.70101307189512,50.71133986928076,306
1700668140,0,0,0,0,0,0,50.72596330275218,50.73639143730889,327
1700668200,0,0,0,0,0,0,50.72487544483955,50.73569395017774,281
1700668260,0,0,0,0,0,0,50.69818584070801,50.70884955752224,226
1700668320,0,0,0,0,0,0,50.70727748691097,50.71777486910975,382
1700668380,0,0,0,0,0,0,50.692993630573405,50.70334394904473,314
1700668440,0,0,0,0,0,0,50.66419263456086,50.674957507082084,353
1700668500,0,0,0,0,0,0,50.671713147410735,50.682091633466,502
1700668560,0,0,0,0,0,0,50.67212435233153,50.682461139896546,386
1700668620,0,0,0,0,0,0,50.71762376237605,50.72795379537924,303
1700668680,0,0,0,0,0,0,50.716373390557706,50.72759656652333,466
1700668740,0,0,0,0,0,0,50.70665573770462,50.716983606557186,305
1700668800,0,0,0,0,0,0,50.7512146892656,50.76211864406802,354
1700668860,0,0,0,0,0,0,50.7734572490709,50.78403345724915,538
1700668920,0,0,0,0,0,0,50.78835073068911,50.79912317327765,479
1700668980,0,0,0,0,0,0,50.761681957186646,50.77214067278306,327
1700669040,0,0,0,0,0,0,50.71251322751289,50.72314814814802,378
1700669100,0,0,0,0,0,0,50.74835117773006,50.759550321199434,467
1700669160,0,0,0,0,0,0,50.85003012048191,50.86115963855423,664
1700669220,0,0,0,0,0,0,50.93424242424256,50.94718434343442,792
1700669280,0,0,0,0,0,0,50.89218018018021,50.904792792792776,555
1700669340,0,0,0,0,0,0,50.93288333333333,50.94413333333342,600
1700669400,0,0,0,0,0,0,51.02870488322738,51.039915074310144,471
1700669460,0,0,0,0,0,0,51.05238493723848,51.062991631798944,478
1700669520,0,0,0,0,0,0,51.079999999999906,51.090978260869335,552
1700669580,0,0,0,0,0,0,51.14790732436475,51.15852017937159,669
1700669640,1,0,64.09,0,64.09,1,51.23701773835893,51.251407982261675,902
1700669700,0,0,0,0,0,0,51.21556097560957,51.2262439024387,410
1700669760,0,0,0,0,0,0,51.13312803889815,51.143646677471786,617
1700669820,0,0,0,0,0,0,51.09595687331512,51.1068733153638,742
1700669880,0,0,0,0,0,0,51.1060421052634,51.116842105263494,475
1700669940,0,0,0,0,0,0,51.07119771863145,51.08205323193927,526
1700670000,0,0,0,0,0,0,51.06445229681969,51.07492932862223,566
1700670060,0,0,0,0,0,0,51.078326359832865,51.088849372385184,478
1700670120,0,0,0,0,0,0,51.05897849462357,51.069247311827816,372
1700670180,0,0,0,0,0,0,51.01922305764403,51.029523809523916,399
1700670240,0,0,0,0,0,0,51.004507772020844,51.01502590673589,193
1700670300,0,0,0,0,0,0,50.98655660377331,50.997169811320624,212
1700670360,0,0,0,0,0,0,50.95609657947678,50.966800804828814,497
1700670420,0,0,0,0,0,0,51.00696000000017,51.018026666666906,375
1700670480,0,0,0,0,0,0,51.01657068062839,51.02727748691129,382
1700670540,0,0,0,0,0,0,51.0161864406781,51.02686440677992,354
1700670600,0,0,0,0,0,0,50.993246187364086,51.00400871459704,459
1700670660,0,0,0,0,0,0,50.979559543229875,50.989918433931464,613
1700670720,0,0,0,0,0,0,51.03572538860127,51.04694300518143,386
1700670780,0,0,0,0,0,0,51.084694376528056,51.095256723716275,409
1700670840,0,0,0,0,0,0,51.138212765957455,51.148638297872225,235
1700670900,0,0,0,0,0,0,51.1598260869565,51.17046376811611,345
1700670960,0,0,0,0,0,0,51.20610294117651,51.216874999999874,544
